   -0.14442535
    0.28107044
   -0.44412216
    0.05368864
    0.06175611
    0.07094298
   -0.17843959
    0.02138354
    0.26731951
   -0.43558367
   -0.06513274
   -0.09436667
   -0.05783235
   -0.02675879
   -0.01481906
    0.04037505
   -0.00211515
   -0.05555267
    0.15578574
   -0.05181606
   -0.23799648
    0.19044407
    0.06169037
    0.05390107
    0.03570135
    0.07088151
    0.03330107
    0.03631637
    0.16343875
    0.05989394
   -0.04523715
   -0.16811650
    0.17036366
    0.05085424
    0.08891036
    0.05429561
