           1           2  0.980113473639122     
           2           3   1.68502690860871     
           1           4  0.972856142439759     
           1           5  0.967842796863155     
           1           6  0.983645315251385     
           2           7   1.24453423527827     
           3           7  0.192451539087168     
           7           8   1.00261549149521     
           8           9  0.944685777613234     
           9          10   1.67827834787947     
           8          11  0.942239301346485     
          11          14   1.02052831712117     
          13          15   1.32566071419018     
          14          15   1.21065833721742     
          12          16   1.18066076828587     
          15          16   1.24280012203825     
          12          17   1.20211366396752     
          14          17   1.57483439703442     
          13          19   1.46270789624744     
          18          19   1.33405705320499     
          13          20  0.111914922349784     
          16          20   1.33848310319646     
          18          20   1.49287893234105     
          19          21  0.946415225553577     
           7          22  0.924667535428774     
           8          23  0.949963903436598     
          18          24  0.968218878588857     
          11          25  0.971224472871336     
          11          26  0.966920041534704     
          17          27  0.969678862032073     
          20          28  0.967965670950150     
          12          29  0.945755206480200     
          13          30  0.962966252350923     
           9          32   1.26437155847163     
          10          32  0.199278124542397     
          31          32   1.00342560925509     
          32          33  0.942672825242672     
          31          34  0.977383997485129     
          31          35  0.975177626860197     
          31          36  0.976804828601985     
